    year       mean        std  count
0   1981  69.685702  18.856009     22
1   1983  88.972265  29.869093     71
2   1985  89.428047  31.221711     58
3   1987  69.165663  23.602525    118
4   1989  93.029036  37.467202     22
5   1991  86.523249  36.293815     50
6   1992  26.864718   8.778646     24
7   1993  60.717615  34.540225     90
8   1994  41.716376  10.255729     18
9   1995  60.197178  44.792118    132
10  1996  22.794483   4.795152     25
11  1997  59.088559  29.930366    153
12  1999  63.959526  55.032056    198
13  2001  54.228204  18.753191     78
